1986
2032
12
125
0.4
3e-05
3
 290.801 281.485 172.033 144.628 180.184 151.28 97.2401 172.291 86.2758 94.9757 134.474 140.435 110.207 87.589 101.327 94.006 90.203 109.671 127.845 88.4439 107.973 83.8845 90.0763 79.2452 104.167 133.731 108.521 92.597 149.287 161.656 146.221 120.066 118.184 120.843 201.204 123.991 85.406 63.694 103.374 121.573 113.557 135.193 127.41 154.087 100.972 141.796 130.163
 113314 78894.6 64862.9 58866.7 53272.4 50445.1 49264 45099.3 40213.3 38545 40391.7 41940.4 40854.7 39634.1 38965.2 38428.1 38890.3 39355.8 39625.6 40906.4 40597.1 36709.3 32535.9 30609.1 30788.3 32430.1 35496.5 32747.5 31491.1 37220.7 42742.1 47092.9 43229.3 38104.3 40552.8 53713.2 44895.5 31102.5 24680 25401.9 34812.8 37615 40405.4 38284 43026.7 42286.3 42840.8
 0.147426 0.295151 0.177347 0.130722 0.0710532 0.0832534 0.0456782 0.0171066 0.0108864 0.00749862 0.00683243 0.00704373
 0.301255 0.237607 0.179894 0.118763 0.0462717 0.0529806 0.0249803 0.0169702 0.00634487 0.00597234 0.00390019 0.00506075
 0.194407 0.45023 0.134291 0.111709 0.0389819 0.0319937 0.014741 0.0086058 0.00583664 0.00322773 0.00288048 0.0030952
 0.235731 0.310343 0.271802 0.0890739 0.0391652 0.0287901 0.00950836 0.00542441 0.00316153 0.00317152 0.00166283 0.00216699
 0.262128 0.337421 0.167991 0.161653 0.0280019 0.0259362 0.00767204 0.0031373 0.00178684 0.00154038 0.00146502 0.00126747
 0.268105 0.371068 0.180634 0.0988097 0.0502578 0.0183391 0.00683531 0.00250348 0.00102205 0.000860993 0.000703703 0.000860998
 0.167262 0.417318 0.218426 0.116825 0.0337788 0.0361923 0.00531437 0.00245254 0.000896776 0.000541515 0.000432497 0.000559915
 0.251284 0.268531 0.253369 0.145706 0.0411924 0.0250894 0.0108175 0.00196673 0.000906128 0.000490069 0.000280562 0.000368161
 0.255004 0.361818 0.14622 0.151584 0.0460769 0.0274405 0.00672556 0.00359043 0.000651699 0.00044411 0.000227721 0.000216102
 0.324994 0.334137 0.179289 0.0796083 0.0436225 0.0279325 0.00669391 0.00203142 0.00108268 0.000290668 0.000187796 0.00013058
 0.240768 0.431934 0.16794 0.099008 0.0232371 0.0268227 0.00691135 0.00205077 0.000621323 0.000489796 0.00012467 9.22645e-05
 0.235243 0.358324 0.243098 0.103849 0.0323614 0.0159995 0.00743172 0.00237101 0.000702374 0.000314752 0.00023524 7.08112e-05
 0.265291 0.335486 0.193251 0.14405 0.0325269 0.0213518 0.00424792 0.0024431 0.000778158 0.000340958 0.00014486 8.85742e-05
 0.252083 0.377873 0.180712 0.114372 0.0450628 0.0214346 0.00566201 0.00139475 0.000800834 0.000377282 0.000156728 7.16372e-05
 0.252572 0.36088 0.204575 0.107493 0.03596 0.0298461 0.00571278 0.00186846 0.000459505 0.000390244 0.000174304 6.86196e-05
 0.287119 0.344978 0.186404 0.1161 0.0322453 0.0227235 0.00758935 0.00179865 0.000587308 0.000213634 0.000172014 6.87667e-05
 0.248169 0.398157 0.180913 0.107404 0.0353595 0.0206875 0.00586649 0.002426 0.000574005 0.000277225 9.56057e-05 6.92899e-05
 0.266791 0.349963 0.212332 0.106003 0.0332641 0.023069 0.00543117 0.00190698 0.0007873 0.000275527 0.000126162 5.09008e-05
 0.294779 0.353386 0.175302 0.116861 0.0308374 0.0203847 0.00568877 0.00165831 0.0005813 0.000354972 0.000117778 4.87072e-05
 0.229809 0.415038 0.18816 0.102554 0.036136 0.0200872 0.00534326 0.00184631 0.00053732 0.000278591 0.000161289 4.87812e-05
 0.184358 0.367606 0.251068 0.12506 0.0360288 0.0267427 0.00598199 0.00197023 0.000679667 0.000292566 0.000143815 6.82162e-05
 0.238234 0.293182 0.221078 0.165898 0.0436792 0.0265079 0.00791758 0.00219288 0.000721055 0.000367914 0.000150148 7.1003e-05
 0.25455 0.351469 0.163572 0.13552 0.0537533 0.0298131 0.00728063 0.00269259 0.000744517 0.000362098 0.000175166 6.86844e-05
 0.283422 0.351908 0.183751 0.0939592 0.0411472 0.0343804 0.00767318 0.00232017 0.000856648 0.000350353 0.000161549 6.98458e-05
 0.282168 0.375589 0.176358 0.101178 0.0273464 0.0252272 0.00848207 0.00234395 0.00070758 0.000386417 0.000149832 6.40552e-05
 0.312014 0.359524 0.180976 0.0933665 0.0283131 0.0161202 0.00598414 0.00249125 0.0006873 0.000306882 0.000158891 5.68739e-05
 0.29528 0.391176 0.170456 0.0942743 0.0257081 0.0164223 0.00376252 0.00172939 0.000718771 0.000293304 0.000124162 5.56317e-05
 0.146303 0.438843 0.269877 0.0895646 0.0332337 0.0163651 0.00331944 0.000974443 0.000779146 0.000512158 0.000157519 7.1059e-05
 0.405281 0.255161 0.193639 0.0839748 0.0355233 0.020164 0.00348237 0.00146235 0.000599624 0.000533878 0.000119202 6.00764e-05
 0.307236 0.188679 0.259475 0.156636 0.0495455 0.028954 0.00629764 0.00174798 0.000999151 0.000228413 0.000137033 6.43531e-05
 0.199404 0.379592 0.199857 0.104977 0.0564479 0.0412714 0.0146808 0.00213453 0.000778618 0.000651969 0.000113181 9.08576e-05
 0.238513 0.303644 0.252274 0.0734461 0.0831488 0.0291306 0.0137171 0.00398178 0.00139848 0.000499232 0.000168668 7.83021e-05
 0.360957 0.158409 0.254025 0.148686 0.0459856 0.0181556 0.00661737 0.00496501 0.00133648 0.000687352 0.000112299 6.24287e-05
 0.576318 0.15893 0.114029 0.0944966 0.0228196 0.0183227 0.0118931 0.00151695 0.00115836 0.000292589 0.00020551 1.73485e-05
 0.26648 0.451195 0.147577 0.0580632 0.0513706 0.0106917 0.00827678 0.00480857 0.000922291 0.00036928 0.000196512 5.01083e-05
 0.181666 0.25065 0.391524 0.130847 0.0224159 0.0129863 0.00620865 0.00211497 0.00104557 0.00033198 0.000187868 2.21647e-05
 0.28571 0.308485 0.264342 0.0792373 0.0433621 0.0104579 0.00544032 0.00179806 0.000600274 0.000415725 0.000116992 3.41251e-05
 0.288367 0.310973 0.209116 0.124186 0.0382906 0.0227361 0.00342655 0.00155531 0.000805172 0.000338733 0.000126015 8.01195e-05
 0.161364 0.478346 0.229388 0.0980427 0.0193909 0.00857486 0.00316356 0.000941995 0.00038128 0.000284876 9.62193e-05 2.5489e-05
 0.386171 0.190846 0.205908 0.132355 0.0519364 0.0231554 0.00656549 0.00208012 0.0005256 0.000312047 9.99021e-05 4.44796e-05
 0.254354 0.39256 0.150123 0.121868 0.0419162 0.0274985 0.00720695 0.00303241 0.00105836 0.000221333 0.000115405 4.64306e-05
 0.248191 0.222805 0.2577 0.176965 0.0609314 0.0214725 0.00647984 0.00382834 0.00098717 0.000501562 8.56813e-05 5.37807e-05
 0.370905 0.261235 0.190588 0.101724 0.045465 0.0177774 0.00715964 0.00279771 0.00139357 0.000793293 0.000116688 4.46697e-05
 0.19935 0.405999 0.21095 0.113303 0.0258143 0.0339063 0.00609714 0.00306894 0.000846995 0.000340709 0.000257967 6.56404e-05
 0.247977 0.239755 0.34584 0.073549 0.0418979 0.0282926 0.0146961 0.00486221 0.00205442 0.000799044 0.000174781 0.000102183
 0.199324 0.399885 0.135746 0.176827 0.0625114 0.00918069 0.00884658 0.00508709 0.0013032 0.00105539 0.000166037 6.78718e-05
 0.297425 0.253422 0.349935 0.0512525 0.0280469 0.0101672 0.00659852 0.00161422 0.00104074 0.000310199 0.000134003 5.41708e-05
13213.4
5.34579
9153.76
0.526591
2.0049
0.785685
#eof
999
